GBP1	GBP3	GBP5	GBP7
22.250	21.188	21.313	20.500	
22.188	21.188	21.313	20.500	
22.188	21.188	21.313	20.563	
22.188	21.188	21.313	20.563	
22.125	21.188	21.313	20.500	
22.125	21.188	21.375	20.563	
22.125	21.188	21.500	20.500	
22.125	21.188	21.500	20.500	
22.125	21.188	21.313	20.500	
22.125	21.313	21.313	20.500	
22.125	21.250	21.313	20.500	
22.125	21.250	21.313	20.500	
22.063	21.188	21.313	20.500	
22.063	21.188	21.313	20.500	
22.063	21.188	21.250	20.563	
22.063	21.313	21.250	20.563	
22.063	21.125	21.313	20.500	
22.063	21.250	21.313	20.500	
22.063	21.125	21.313	20.500	
22.063	21.188	21.313	20.625	
22.000	21.125	21.500	20.500	
22.063	21.125	21.500	20.500	
21.938	21.125	21.313	20.500	
22.063	21.125	21.313	20.500	
21.938	21.125	21.250	20.438	
22.063	21.125	21.250	20.438	
21.938	21.125	21.313	20.500	
21.938	21.125	21.500	20.438	
21.938	21.188	21.250	20.438	
21.938	21.125	21.250	20.500	
21.938	21.125	21.250	20.500	
21.938	21.188	21.250	20.500	
22.000	21.250	21.250	20.625	
22.000	21.250	21.313	20.625	
22.000	21.250	21.438	20.500	
22.000	21.250	21.438	20.500	
21.938	21.125	21.250	20.438	
21.938	21.125	21.250	20.500	
21.813	21.125	21.250	20.438	
21.938	21.250	21.250	20.438	
21.813	21.063	21.250	20.438	
21.875	21.188	21.375	20.438	
21.813	21.125	21.250	20.438	
21.875	21.125	21.250	20.500	
21.750	21.125	21.188	20.438	
21.813	21.063	21.250	20.625	
21.750	21.063	21.188	20.563	
21.750	21.063	21.313	20.563	
21.750	21.063	21.375	20.438	
21.750	21.063	21.375	20.563	
21.750	21.125	21.188	20.500	
21.750	21.188	21.188	20.500	
21.750	21.063	21.188	20.438	
21.750	21.063	21.188	20.438	
21.688	21.063	21.188	20.438	
21.688	21.125	21.313	20.438	
21.688	21.188	21.188	20.438	
21.688	21.188	21.188	20.438	
21.625	21.125	21.188	20.438	
21.625	21.125	21.188	20.563	
21.625	21.063	21.188	20.500	
21.625	21.063	21.250	20.500	
21.625	21.063	21.313	20.563	
21.625	21.125	21.313	20.563	
21.625	21.000	21.125	20.438	
21.625	21.063	21.188	20.438	
21.625	21.063	21.188	20.438	
21.625	21.063	21.125	20.438	
21.625	21.063	21.188	20.438	
21.625	21.063	21.250	20.438	
21.625	21.000	21.125	20.438	
21.563	21.000	21.125	20.438	
21.563	21.000	21.125	20.438	
21.563	21.000	21.125	20.500	
21.563	21.000	21.125	20.438	
21.563	21.000	21.125	20.438	
21.563	21.000	21.250	20.563	
21.563	21.000	21.250	20.563	
21.500	21.000	21.125	20.438	
21.563	21.063	21.125	20.500	
21.500	21.125	21.063	20.438	
21.563	21.125	21.125	20.438	
21.500	21.125	21.125	20.438	
21.625	21.125	21.313	20.438	
21.500	21.000	21.063	20.375	
21.625	21.000	21.063	20.438	
21.500	21.000	21.063	20.438	
21.563	21.125	21.063	20.438	
21.438	21.000	21.063	20.438	
21.438	21.063	21.125	20.563	
21.500	20.938	21.188	20.563	
21.500	20.938	21.188	20.563	
21.500	20.938	21.063	20.438	
21.500	20.938	21.063	20.563	
21.500	20.938	21.063	20.438	
21.500	20.938	21.063	20.438	
21.500	20.938	21.063	20.438	
21.500	21.000	21.250	20.438	
21.500	20.938	21.063	20.375	
21.500	20.938	21.063	20.438	
21.375	20.938	21.063	20.438	
21.500	20.938	21.000	20.375	
21.375	20.938	21.063	20.438	
21.438	21.000	21.063	20.563	
21.375	21.063	21.188	20.438	
21.438	21.063	21.188	20.438	
21.375	21.000	21.000	20.563	
21.375	21.000	21.000	20.563	
21.375	20.938	21.000	20.438	
21.375	20.938	21.000	20.438	
21.375	20.938	21.000	20.438	
21.375	21.063	21.188	20.438	
21.375	20.875	21.000	20.438	
21.375	20.938	21.000	20.438	
21.313	20.875	21.000	20.438	
21.313	20.938	21.000	20.438	
21.313	20.875	21.000	20.438	
21.313	20.875	21.063	20.500	
21.313	20.875	21.125	20.375	
21.313	20.938	21.125	20.375	
21.375	20.938	21.000	20.500	
21.313	20.938	21.000	20.500	
21.313	20.875	21.000	20.438	
21.313	20.875	20.938	20.438	
21.313	20.938	21.000	20.438	
21.313	20.875	21.125	20.438	
21.313	20.875	20.938	20.375	
21.313	21.000	20.938	20.438	
21.313	21.000	21.000	20.438	
21.313	21.000	20.938	20.438	
21.250	20.938	20.938	20.375	
21.250	20.938	21.000	20.438	
21.250	20.875	21.125	20.375	
21.250	20.875	21.125	20.563	
21.250	20.875	20.938	20.438	
21.250	21.000	20.938	20.438	
21.250	20.875	20.938	20.438	
21.250	20.875	20.938	20.563	
21.250	20.875	20.938	20.375	
21.250	20.875	21.125	20.375	
21.250	20.875	20.938	20.375	
21.313	20.875	20.938	20.438	
21.250	20.875	20.938	20.438	
21.313	20.875	20.938	20.438	
21.250	20.875	20.938	20.375	
21.313	20.813	21.000	20.375	
21.188	20.813	21.063	20.438	
21.313	20.813	21.063	20.500	
21.250	20.813	20.875	20.375	
21.250	20.875	20.875	20.375	
21.188	20.813	20.875	20.563	
21.188	20.875	20.875	20.563	
21.250	21.000	20.938	20.438	
21.250	21.000	20.938	20.438	
21.250	20.938	20.875	20.438	
21.250	20.938	20.875	20.375	
21.250	20.813	20.875	20.375	
21.250	20.813	20.875	20.375	
21.313	20.875	20.875	20.375	
21.313	21.000	20.938	20.375	
21.313	20.813	21.000	20.375	
21.313	20.938	21.000	20.438	
21.188	20.813	20.875	20.375	
21.250	20.813	20.875	20.563	
21.125	20.813	20.813	20.500	
21.250	20.813	20.875	20.500	
21.188	20.813	20.875	20.375	
21.188	20.813	20.875	20.500	
21.188	20.813	20.875	20.438	
21.188	20.813	20.875	20.438	
21.125	20.813	20.813	20.375	
21.125	20.813	20.813	20.375	
21.125	20.813	20.813	20.375	
21.125	20.813	20.938	20.375	
21.125	20.813	21.000	20.375	
21.125	20.875	21.000	20.375	
21.125	20.938	20.813	20.375	
21.125	20.938	20.813	20.500	
21.125	20.875	20.813	20.438	
21.125	20.875	20.813	20.438	
21.125	20.813	20.875	20.500	
21.125	20.813	20.875	20.500	
21.125	20.750	20.813	20.375	
21.125	20.875	20.813	20.375	
21.125	20.750	20.813	20.375	
21.125	20.813	20.813	20.375	
21.125	20.750	20.813	20.375	
21.125	20.750	20.875	20.375	
21.125	20.750	20.938	20.438	
21.125	20.750	20.938	20.375	
21.125	20.813	20.813	20.375	
21.125	20.750	20.813	20.438	
21.125	20.750	20.813	20.375	
21.125	20.750	20.813	20.375	
21.063	20.750	20.875	20.500	
21.063	20.750	20.875	20.500	
21.063	20.750	20.750	20.375	
21.063	20.750	20.813	20.375	
21.063	20.750	20.750	20.375	
21.063	20.813	20.750	20.375	
21.063	20.875	20.750	20.375	
21.063	20.875	20.875	20.375	
21.063	20.813	20.750	20.375	
21.125	20.813	20.938	20.375	
21.063	20.688	20.750	20.375	
21.125	20.688	20.750	20.375	
21.125	20.750	20.750	20.438	
21.188	20.875	20.750	20.563	
21.063	20.688	20.813	20.438	
21.188	20.750	20.813	20.438	
21.063	20.750	20.750	20.375	
21.063	20.688	20.750	20.438	
21.063	20.750	20.688	20.375	
21.063	20.688	20.750	20.375	
21.125	20.688	20.750	20.375	
21.125	20.688	20.813	20.375	
21.125	20.688	20.688	20.375	
21.125	20.688	20.875	20.375	
21.188	20.688	20.688	20.375	
21.188	20.688	20.750	20.375	
21.188	20.688	20.688	20.375	
21.188	20.688	20.688	20.438	
21.063	20.688	20.875	20.375	
21.188	20.688	20.875	20.375	
21.063	20.750	20.688	20.438	
21.125	20.875	20.688	20.438	
21.063	20.813	20.688	20.375	
21.125	20.813	20.688	20.375	
21.063	20.688	20.688	20.375	
21.063	20.688	20.875	20.375	
21.063	20.688	20.688	20.375	
21.000	20.875	20.813	20.375	
21.000	20.688	20.688	20.375	
21.000	20.750	20.688	20.375	
21.000	20.688	20.688	20.375	
21.000	20.688	20.688	20.438	
21.000	20.688	20.813	20.375	
21.000	20.688	20.813	20.375	
21.000	20.625	20.688	20.438	
21.000	20.688	20.688	20.438	
21.063	20.688	20.688	20.375	
21.063	20.688	20.688	20.375	
21.000	20.688	20.688	20.375	
21.000	20.688	20.875	20.375	
21.000	20.625	20.625	20.375	
21.063	20.625	20.750	20.375	
21.063	20.625	20.688	20.375	
21.000	20.688	20.625	20.375	
21.000	20.625	20.688	20.375	
21.000	20.813	20.625	20.375	
21.000	20.875	20.813	20.375	
21.000	20.875	20.813	20.500	
21.000	20.688	20.625	20.500	
21.000	20.688	20.625	20.500	
21.000	20.625	20.625	20.375	
21.000	20.750	20.625	20.438	
21.000	20.625	20.625	20.375	
21.000	20.750	20.813	20.375	
21.000	20.688	20.625	20.375	
21.000	20.625	20.750	20.375	
21.000	20.625	20.625	20.375	
21.063	20.625	20.625	20.375	
21.000	20.625	20.625	20.375	
21.125	20.625	20.625	20.375	
21.000	20.625	20.813	20.375	
21.125	20.625	20.813	20.500	
21.000	20.625	20.625	20.375	
21.125	20.625	20.625	20.375	
21.000	20.625	20.625	20.438	
21.000	20.625	20.625	20.438	
21.000	20.625	20.625	20.375	
21.000	20.625	20.750	20.375	
21.000	20.625	20.625	20.375	
21.000	20.750	20.688	20.375	
21.063	20.750	20.625	20.375	
21.063	20.750	20.625	20.375	
21.125	20.688	20.625	20.375	
21.125	20.688	20.625	20.375	
21.125	20.625	20.750	20.375	
21.125	20.750	20.750	20.438	
21.000	20.625	20.563	20.375	
21.063	20.688	20.563	20.375	
21.000	20.625	20.563	20.500	
21.063	20.625	20.563	20.500	
21.000	20.563	20.563	20.375	
21.063	20.625	20.750	20.438	
20.938	20.625	20.625	20.375	
21.000	20.625	20.688	20.375	
21.000	20.625	20.625	20.375	
21.000	20.625	20.625	20.438	
20.938	20.563	20.563	20.375	
21.000	20.563	20.563	20.375	
21.000	20.563	20.750	20.375	
21.000	20.625	20.750	20.375	
20.938	20.563	20.563	20.375	
21.000	20.625	20.563	20.438	
20.938	20.625	20.563	20.438	
20.938	20.625	20.563	20.438	
20.938	20.750	20.563	20.375	
20.938	20.750	20.750	20.438	
20.938	20.688	20.563	20.375	
20.938	20.688	20.625	20.375	
21.000	20.563	20.563	20.375	
21.000	20.688	20.563	20.375	
21.000	20.625	20.563	20.375	
21.000	20.750	20.563	20.375	
20.938	20.563	20.750	20.375	
20.938	20.625	20.750	20.375	
21.000	20.563	20.563	20.375	
21.000	20.563	20.563	20.500	
21.000	20.625	20.563	20.375	
21.000	20.625	20.625	20.375	
20.938	20.563	20.563	20.500	
20.938	20.563	20.688	20.500	
20.938	20.563	20.563	20.375	
20.938	20.563	20.563	20.375	
20.938	20.563	20.563	20.375	
20.938	20.563	20.563	20.375	
20.938	20.563	20.563	20.375	
21.000	20.563	20.563	20.375	
20.938	20.563	20.750	20.375	
21.000	20.688	20.750	20.375	
20.938	20.688	20.563	20.375	
21.063	20.688	20.500	20.438	
20.938	20.625	20.500	20.375	
21.063	20.625	20.563	20.375	
20.938	20.625	20.563	20.500	
21.125	20.625	20.750	20.500	
20.938	20.563	20.500	20.375	
20.938	20.688	20.563	20.438	
20.938	20.563	20.500	20.375	
20.938	20.563	20.500	20.375	
21.000	20.563	20.563	20.375	
21.000	20.563	20.563	20.375	
21.000	20.563	20.750	20.375	
21.000	20.563	20.750	20.375	
21.063	20.563	20.500	20.375	
21.063	20.563	20.500	20.375	
21.063	20.563	20.563	20.375	
21.063	20.563	20.500	20.500	
20.938	20.563	20.625	20.500	
21.063	20.563	20.625	20.500	
20.938	20.563	20.500	20.375	
21.063	20.563	20.563	20.438	
20.938	20.563	20.500	20.375	
21.000	20.625	20.500	20.375	
20.938	20.688	20.500	20.375	
20.938	20.688	20.625	20.375	
20.938	20.688	20.625	20.375	
20.938	20.688	20.625	20.375	
20.938	20.563	20.500	20.375	
20.938	20.563	20.500	20.375	
20.938	20.563	20.500	20.375	
20.938	20.688	20.500	20.500	
20.938	20.563	20.563	20.375	
20.938	20.563	20.563	20.375	
20.938	20.563	20.500	20.500	
20.938	20.563	20.500	20.500	
20.938	20.563	20.500	20.375	
20.938	20.563	20.500	20.375	
20.938	20.563	20.500	20.375	
21.000	20.563	20.625	20.375	
20.938	20.563	20.500	20.375	
20.938	20.563	20.625	20.375	
20.938	20.563	20.500	20.375	
20.938	20.563	20.500	20.375	
20.938	20.563	20.500	20.375	
20.938	20.563	20.500	20.375	
20.938	20.563	20.563	20.375	
20.938	20.625	20.563	20.375	
20.938	20.688	20.500	20.500	
20.938	20.688	20.500	20.500	
20.938	20.625	20.500	20.375	
20.938	20.625	20.500	20.438	
20.938	20.563	20.500	20.375	
20.938	20.563	20.625	20.375	
20.938	20.563	20.500	20.375	
20.938	20.688	20.625	20.375	
20.938	20.563	20.500	20.375	
21.000	20.563	20.500	20.375	
20.938	20.563	20.500	20.438	
21.000	20.625	20.500	20.375	
20.938	20.563	20.563	20.375	
21.063	20.500	20.563	20.500	
20.938	20.563	20.500	20.375	
21.000	20.563	20.500	20.375	
20.938	20.563	20.500	20.375	
20.938	20.563	20.500	20.500	
20.938	20.500	20.500	20.375	
20.938	20.563	20.625	20.375	
20.938	20.563	20.500	20.375	
20.938	20.563	20.625	20.375	
21.000	20.563	20.500	20.375	
21.000	20.563	20.500	20.375	
21.000	20.688	20.500	20.375	
21.000	20.688	20.500	20.375	
21.063	20.688	20.625	20.375	
21.063	20.688	20.625	20.438	
21.063	20.563	20.500	20.375	
21.063	20.563	20.500	20.375	
20.938	20.500	20.500	20.500	
21.000	20.688	20.500	20.500	
20.938	20.500	20.500	20.375	
21.000	20.625	20.688	20.375	
20.938	20.500	20.500	20.375	
20.938	20.500	20.625	20.375	
20.938	20.500	20.500	20.375	
20.938	20.500	20.438	20.375	
20.938	20.563	20.500	20.375	
20.938	20.500	20.500	20.375	
20.938	20.500	20.688	20.375	
20.938	20.500	20.688	20.438	
20.938	20.563	20.500	20.375	
20.938	20.563	20.500	20.438	
20.938	20.563	20.500	20.500	
20.938	20.563	20.500	20.500	
20.938	20.500	20.500	20.375	
20.938	20.563	20.688	20.438	
20.938	20.500	20.500	20.375	
20.938	20.688	20.563	20.375	
20.938	20.688	20.500	20.375	
20.938	20.688	20.500	20.375	
20.938	20.563	20.500	20.375	
20.938	20.563	20.438	20.375	
20.938	20.500	20.625	20.375	
20.938	20.688	20.625	20.375	
20.938	20.500	20.438	20.375	
20.938	20.625	20.500	20.500	
20.938	20.563	20.500	20.375	
20.938	20.500	20.500	20.375	
20.938	20.563	20.500	20.375	
20.938	20.500	20.625	20.438	
20.938	20.500	20.500	20.375	
20.938	20.500	20.563	20.375	
20.938	20.563	20.438	20.375	
20.938	20.563	20.438	20.375	
20.938	20.500	20.500	20.375	
20.938	20.500	20.500	20.375	
20.938	20.500	20.625	20.375	
21.000	20.500	20.625	20.375	
20.938	20.500	20.438	20.375	
21.000	20.563	20.438	20.438	
20.938	20.500	20.438	20.375	
21.000	20.625	20.438	20.375	
20.938	20.688	20.500	20.500	
21.000	20.688	20.625	20.500	
20.938	20.563	20.438	20.375	
20.938	20.563	20.500	20.375	
20.938	20.500	20.438	20.375	
20.938	20.625	20.438	20.375	
20.938	20.563	20.438	20.375	
20.938	20.625	20.500	20.375	
21.000	20.500	20.625	20.375	
21.000	20.500	20.625	20.375	
21.000	20.500	20.438	20.375	
21.000	20.500	20.438	20.375	
21.000	20.500	20.438	20.375	
21.000	20.500	20.438	20.500	
21.000	20.500	20.438	20.500	
21.000	20.500	20.563	20.500	
20.938	20.500	20.438	20.375	
21.063	20.500	20.500	20.500	
20.938	20.500	20.438	20.375	
21.000	20.500	20.438	20.375	
20.938	20.500	20.438	20.375	
20.938	20.563	20.438	20.375	
20.938	20.563	20.625	20.375	
20.938	20.625	20.625	20.375	
20.938	20.688	20.438	20.375	
20.938	20.688	20.438	20.313	
20.875	20.563	20.438	20.375	
20.938	20.563	20.438	20.500	
20.938	20.500	20.438	20.375	
20.875	20.750	20.625	20.375	
20.938	20.500	20.438	20.500	
20.938	20.625	20.500	20.500	
20.938	20.500	20.438	20.375	
20.938	20.500	20.438	20.375	
20.938	20.500	20.438	20.375	
20.938	20.500	20.438	20.375	
20.938	20.500	20.563	20.375	
20.938	20.500	20.563	20.375	
20.938	20.500	20.438	20.375	
20.938	20.500	20.438	20.375	
20.875	20.500	20.438	20.375	
20.938	20.500	20.438	20.438	
20.938	20.500	20.438	20.375	
20.938	20.500	20.625	20.375	
20.938	20.500	20.438	20.500	
20.875	20.563	20.438	20.500	
20.938	20.500	20.438	20.375	
20.875	20.625	20.438	20.438	
20.875	20.688	20.438	20.375	
20.875	20.688	20.500	20.375	
20.875	20.500	20.563	20.375	
20.875	20.500	20.563	20.313	
20.875	20.500	20.438	20.375	
20.875	20.625	20.438	20.375	
20.938	20.500	20.438	20.375	
21.000	20.563	20.438	20.375	
20.938	20.500	20.438	20.375	
21.000	20.500	20.625	20.500	
20.875	20.500	20.438	20.375	
21.000	20.500	20.438	20.375	
20.875	20.500	20.438	20.375	
21.000	20.500	20.438	20.438	
20.875	20.500	20.438	20.375	
20.875	20.500	20.500	20.375	
20.875	20.500	20.563	20.375	
20.875	20.500	20.563	20.375	
20.938	20.500	20.438	20.375	
20.938	20.500	20.438	20.375	
20.938	20.500	20.438	20.375	
20.938	20.500	20.438	20.375	
21.000	20.500	20.438	20.375	
21.000	20.563	20.563	20.438	
21.000	20.625	20.438	20.375	
21.000	20.625	20.438	20.375	
21.000	20.500	20.438	20.438	
21.000	20.500	20.438	20.438	
20.938	20.500	20.438	20.375	
21.000	20.625	20.500	20.375	
20.875	20.500	20.563	20.375	
21.000	20.563	20.563	20.375	
20.875	20.438	20.438	20.375	
20.938	20.500	20.438	20.375	
20.875	20.500	20.375	20.375	
20.875	20.500	20.438	20.375	
20.875	20.438	20.438	20.375	
20.875	20.500	20.438	20.375	
20.938	20.500	20.438	20.375	
20.938	20.500	20.438	20.375	
20.875	20.500	20.438	20.500	
20.875	20.500	20.438	20.500	
20.938	20.500	20.438	20.375	
20.875	20.438	20.500	20.375	
20.875	20.500	20.438	20.375	
20.875	20.438	20.563	20.375	
20.938	20.500	20.438	20.375	
20.938	20.625	20.438	20.375	
20.875	20.563	20.438	20.375	
20.875	20.563	20.438	20.375	
20.875	20.563	20.500	20.375	
20.875	20.563	20.500	20.375	
20.875	20.500	20.375	20.375	
20.938	20.500	20.438	20.438	
20.938	20.500	20.438	20.438	
20.875	20.563	20.438	20.438	
20.875	20.500	20.438	20.375	
20.875	20.500	20.563	20.500	
20.938	20.500	20.438	20.375	
20.938	20.500	20.563	20.375	
20.875	20.500	20.438	20.375	
20.875	20.500	20.438	20.375	
20.938	20.500	20.438	20.438	
20.875	20.438	20.438	20.375	
20.875	20.500	20.500	20.375	
20.938	20.438	20.500	20.375	
20.938	20.500	20.438	20.375	
21.000	20.500	20.438	20.500	
20.875	20.500	20.438	20.375	
21.000	20.500	20.438	20.375	
20.875	20.500	20.438	20.438	
21.063	20.563	20.563	20.438	
20.938	20.625	20.438	20.375	
21.000	20.625	20.563	20.375	
20.875	20.563	20.438	20.375	
20.875	20.563	20.438	20.375	
20.938	20.500	20.375	20.375	
20.938	20.500	20.375	20.375	
20.938	20.438	20.563	20.375	
20.938	20.563	20.563	20.375	
21.000	20.500	20.438	20.375	
21.000	20.500	20.438	20.438	
21.000	20.500	20.438	20.375	
21.000	20.438	20.438	20.375	
21.000	20.500	20.438	20.438	
21.000	20.438	20.563	20.438	
20.938	20.500	20.438	20.375	
21.063	20.500	20.500	20.438	
20.875	20.500	20.438	20.375	
21.000	20.500	20.375	20.375	
20.875	20.438	20.438	20.375	
20.938	20.438	20.438	20.375	
20.875	20.500	20.500	20.375	
20.875	20.500	20.500	20.375	
20.875	20.500	20.438	20.375	
20.938	20.500	20.438	20.375	
20.875	20.625	20.375	20.375	
20.875	20.625	20.438	20.500	
20.875	20.563	20.438	20.438	
20.875	20.563	20.563	20.438	
20.875	20.438	20.438	20.375	
20.875	20.438	20.500	20.500	
20.875	20.500	20.438	20.375	
20.875	20.625	20.438	20.375	
20.875	20.500	20.438	20.375	
20.938	20.563	20.438	20.375	
20.875	20.438	20.563	20.375	
20.875	20.500	20.563	20.375	
20.875	20.500	20.375	20.375	
20.875	20.438	20.375	20.375	
20.938	20.500	20.375	20.375	
20.938	20.500	20.438	20.375	
20.875	20.438	20.375	20.375	
20.875	20.438	20.625	20.375	
20.875	20.438	20.438	20.500	
20.875	20.438	20.438	20.500	
20.875	20.438	20.438	20.375	
20.875	20.500	20.375	20.375	
20.875	20.438	20.438	20.375	
20.875	20.500	20.438	20.375	
20.875	20.625	20.563	20.375	
20.875	20.625	20.563	20.375	
20.875	20.563	20.438	20.375	
20.875	20.563	20.375	20.375	
20.938	20.438	20.438	20.375	
20.938	20.438	20.375	20.375	
20.875	20.500	20.375	20.375	
20.938	20.688	20.625	20.563	
20.875	20.438	20.375	20.438	
21.063	20.500	20.438	20.438	
20.875	20.438	20.375	20.375	
21.000	20.438	20.375	20.375	
20.875	20.438	20.438	20.375	
21.000	20.438	20.438	20.375	
20.875	20.438	20.563	20.375	
20.875	20.438	20.563	20.375	
20.875	20.500	20.438	20.375	
20.875	20.438	20.375	20.375	
20.938	20.438	20.375	20.375	
20.938	20.438	20.375	20.375	
21.000	20.438	20.375	20.375	
21.000	20.500	20.563	20.500	
21.000	20.438	20.375	20.375	
21.000	20.563	20.375	20.375	
21.063	20.500	20.375	20.375	
21.063	20.625	20.375	20.500	
20.875	20.563	20.375	20.375	
21.000	20.563	20.438	20.375	
20.875	20.500	20.563	20.375	
20.938	20.500	20.563	20.375	
20.875	20.438	20.438	20.375	
20.938	20.563	20.375	20.375	
20.875	20.438	20.375	20.375	
20.875	20.563	20.375	20.375	
20.875	20.438	20.438	20.375	
20.875	20.438	20.563	20.438	
20.875	20.438	20.438	20.375	
20.875	20.438	20.375	20.375	
20.875	20.500	20.375	20.438	
20.875	20.500	20.375	20.438	
20.875	20.438	20.375	20.375	
20.875	20.438	20.438	20.375	
20.938	20.500	20.563	20.375	
20.938	20.438	20.563	20.375	
20.938	20.438	20.438	20.375	
20.938	20.438	20.375	20.375	
20.875	20.438	20.438	20.375	
20.875	20.438	20.438	20.375	
20.875	20.438	20.438	20.375	
20.875	20.625	20.438	20.375	
20.875	20.563	20.438	20.375	
20.875	20.563	20.375	20.500	
20.938	20.500	20.438	20.438	
20.875	20.500	20.438	20.438	
20.875	20.438	20.438	20.375	
20.875	20.563	20.500	20.438	
20.875	20.438	20.563	20.375	
20.875	20.563	20.563	20.375	
20.875	20.438	20.375	20.375	
20.875	20.438	20.438	20.375	
20.938	20.500	20.438	20.375	
20.875	20.500	20.438	20.375	
20.938	20.438	20.500	20.375	
20.938	20.438	20.500	20.375	
20.938	20.438	20.375	20.375	
20.938	20.438	20.375	20.500	
20.875	20.438	20.375	20.375	
20.938	20.438	20.375	20.375	
20.875	20.438	20.438	20.500	
21.000	20.438	20.500	20.500	
20.875	20.500	20.375	20.375	
21.000	20.500	20.563	20.375	
20.875	20.438	20.375	20.375	
20.875	20.563	20.438	20.375	
20.875	20.625	20.375	20.375	
20.875	20.625	20.438	20.375	
20.938	20.563	20.563	20.375	
20.938	20.563	20.563	20.313	
20.938	20.438	20.375	20.375	
20.938	20.625	20.375	20.438	
21.000	20.438	20.375	20.375	
21.000	20.563	20.375	20.375	
21.000	20.438	20.438	20.500	
21.000	20.438	20.563	20.500	
20.938	20.438	20.438	20.375	
21.000	20.438	20.563	20.375	
20.875	20.438	20.375	20.375	
20.938	20.438	20.375	20.375	
20.875	20.438	20.375	20.375	
20.875	20.500	20.375	20.375	
20.875	20.438	20.563	20.375	
20.875	20.438	20.563	20.375	
20.875	20.500	20.375	20.375	
20.875	20.500	20.438	20.375	
20.938	20.438	20.375	20.375	
20.875	20.438	20.438	20.500	
20.875	20.438	20.375	20.438	
20.875	20.563	20.563	20.438	
20.875	20.563	20.375	20.375	
20.875	20.563	20.500	20.500	
20.875	20.563	20.375	20.375	
20.875	20.563	20.438	20.375	
20.875	20.438	20.375	20.375	
20.875	20.438	20.438	20.375	
20.875	20.438	20.563	20.375	
20.875	20.563	20.563	20.375	
20.875	20.438	20.375	20.375	
20.875	20.500	20.438	20.375	
20.875	20.500	20.438	20.375	
20.875	20.438	20.438	20.500	
20.875	20.500	20.438	20.375	
20.875	20.438	20.563	20.375	
20.875	20.438	20.375	20.438	
20.875	20.438	20.500	20.438	
20.875	20.438	20.375	20.313	
20.875	20.500	20.375	20.375	
20.875	20.438	20.375	20.375	
20.875	20.438	20.438	20.375	
20.875	20.438	20.563	20.375	
20.875	20.438	20.563	20.313	
20.875	20.438	20.375	20.375	
20.875	20.563	20.375	20.375	
20.875	20.625	20.375	20.375	
20.938	20.625	20.375	20.438	
20.875	20.563	20.438	20.375	
20.938	20.563	20.500	20.375	
20.875	20.438	20.375	20.500	
20.938	20.438	20.438	20.500	
20.875	20.438	20.375	20.375	
21.000	20.563	20.375	20.375	
20.875	20.438	20.438	20.375	
21.000	20.500	20.375	20.375	
20.875	20.438	20.563	20.375	
20.875	20.438	20.563	20.375	
20.875	20.438	20.375	20.375	
20.875	20.438	20.375	20.375	
20.938	20.438	20.375	20.375	
20.938	20.438	20.375	20.375	
21.000	20.438	20.375	20.375	
21.000	20.438	20.500	20.500	
21.000	20.438	20.375	20.375	
21.000	20.438	20.438	20.375	
21.000	20.438	20.375	20.375	
21.000	20.438	20.375	20.438	
20.875	20.438	20.375	20.313	
21.000	20.500	20.438	20.375	
20.875	20.625	20.500	20.375	
21.000	20.625	20.500	20.375	
20.875	20.563	20.375	20.375	
20.938	20.563	20.375	20.375	
20.875	20.438	20.375	20.375	
20.875	20.438	20.375	20.375	
20.875	20.438	20.375	20.375	
20.875	20.625	20.625	20.500	
20.875	20.438	20.438	20.375	
20.875	20.500	20.438	20.375	
20.875	20.438	20.375	20.375	
20.875	20.438	20.375	20.375	
20.875	20.438	20.375	20.375	
20.875	20.438	20.375	20.375	
20.875	20.438	20.500	20.375	
20.875	20.438	20.500	20.375	
20.938	20.500	20.438	20.375	
20.875	20.500	20.375	20.375	
20.875	20.438	20.375	20.375	
20.875	20.438	20.438	20.375	
20.875	20.438	20.438	20.375	
20.875	20.438	20.563	20.375	
20.875	20.438	20.375	20.375	
20.875	20.500	20.375	20.375	
20.938	20.438	20.375	20.500	
20.875	20.625	20.375	20.500	
20.875	20.563	20.375	20.375	
20.875	20.563	20.438	20.375	
20.875	20.438	20.563	20.375	
20.875	20.438	20.563	20.375	
20.875	20.438	20.375	20.375	
20.875	20.563	20.375	20.375	
20.938	20.438	20.438	20.313	
20.938	20.500	20.375	20.375	
20.875	20.438	20.438	20.375	
20.938	20.438	20.438	20.375	
20.875	20.438	20.375	20.375	
20.938	20.438	20.375	20.500	
20.875	20.438	20.375	20.438	
20.938	20.500	20.375	20.438	
20.875	20.438	20.375	20.375	
21.000	20.438	20.500	20.438	
20.875	20.438	20.563	20.375	
20.938	20.438	20.563	20.375	
20.875	20.438	20.438	20.375	
20.938	20.438	20.375	20.375	
20.875	20.438	20.375	20.313	
20.875	20.500	20.375	20.375	
20.938	20.438	20.438	20.313	
20.938	20.563	20.438	20.375	
20.938	20.563	20.375	20.375	
20.938	20.563	20.375	20.438	
21.000	20.438	20.375	20.375	
21.000	20.438	20.375	20.375	
21.000	20.500	20.375	20.500	
21.000	20.563	20.500	20.500	
21.000	20.438	20.563	20.375	
21.000	20.500	20.563	20.375	
20.875	20.438	20.375	20.375	
20.938	20.438	20.375	20.375	
20.875	20.438	20.375	20.313	
20.938	20.438	20.375	20.375	
20.875	20.438	20.438	20.375	
20.938	20.438	20.438	20.375	
20.875	20.438	20.375	20.375	
20.875	20.438	20.375	20.375	
20.875	20.438	20.375	20.313	
20.875	20.438	20.375	20.500	
20.875	20.438	20.375	20.438	
20.875	20.500	20.500	20.438	
20.875	20.500	20.375	20.375	
20.875	20.500	20.563	20.500	
20.875	20.438	20.375	20.375	
20.938	20.563	20.375	20.375	
20.875	20.563	20.375	20.375	
20.875	20.563	20.375	20.375	
20.875	20.438	20.438	20.375	
20.875	20.438	20.438	20.375	
20.875	20.438	20.375	20.375	
20.875	20.563	20.375	20.375	
20.875	20.438	20.375	20.375	
20.875	20.500	20.375	20.500	
20.875	20.438	20.375	20.375	
20.875	20.438	20.500	20.375	
20.875	20.438	20.375	20.500	
20.875	20.438	20.563	20.500	
20.875	20.438	20.375	20.313	
20.875	20.438	20.375	20.313	
20.875	20.438	20.375	20.375	
20.875	20.438	20.375	20.375	
20.875	20.438	20.438	20.375	
20.875	20.438	20.438	20.313	
20.875	20.438	20.375	20.375	
20.875	20.500	20.375	20.375	
20.875	20.438	20.375	20.375	
20.875	20.500	20.375	20.375	
20.875	20.438	20.375	20.375	
20.875	20.563	20.500	20.375	
20.875	20.563	20.375	20.563	
20.938	20.563	20.563	20.563	
20.875	20.438	20.375	20.375	
20.938	20.438	20.375	20.375	
20.875	20.438	20.375	20.313	
21.000	20.563	20.375	20.375	
20.875	20.438	20.500	20.313	
20.938	20.500	20.500	20.375	
20.875	20.438	20.375	20.375	
20.875	20.438	20.375	20.375	
20.875	20.500	20.375	20.375	
20.875	20.438	20.375	20.375	
20.875	20.438	20.375	20.375	
20.875	20.438	20.500	20.438	
21.000	20.438	20.375	20.438	
21.000	20.438	20.500	20.438	
20.938	20.438	20.375	20.375	
20.938	20.438	20.375	20.500	
21.000	20.438	20.375	20.375	
21.000	20.438	20.375	20.375	
20.875	20.438	20.500	20.375	
21.000	20.500	20.500	20.313	
20.875	20.438	20.375	20.375	
21.000	20.563	20.375	20.375	
20.875	20.563	20.375	20.375	
20.938	20.563	20.375	20.313	
20.875	20.500	20.375	20.313	
20.875	20.500	20.563	20.500	
20.875	20.438	20.375	20.375	
20.875	20.563	20.500	20.375	
20.875	20.438	20.375	20.438	
20.875	20.500	20.375	20.438	
20.875	20.438	20.375	20.313	
20.875	20.500	20.375	20.375	
20.938	20.438	20.500	20.375	
20.875	20.438	20.500	20.375	
20.875	20.438	20.375	20.375	
20.875	20.438	20.375	20.375	
20.875	20.438	20.375	20.375	
20.875	20.438	20.375	20.375	
20.875	20.438	20.375	20.313	
20.875	20.438	20.500	20.375	
20.875	20.438	20.375	20.313	
20.875	20.438	20.500	20.313	
20.875	20.438	20.375	20.438	
20.875	20.500	20.375	20.438	
20.875	20.438	20.375	20.375	
20.875	20.625	20.375	20.438	
20.875	20.625	20.563	20.375	
20.875	20.625	20.563	20.375	
20.875	20.500	20.375	20.375	
20.875	20.500	20.375	20.313	
20.875	20.438	20.438	20.375	
20.875	20.563	20.438	20.375	
20.875	20.438	20.375	20.375	
20.875	20.563	20.563	20.375	
20.875	20.438	20.375	20.375	
20.875	20.438	20.438	20.438	
20.875	20.438	20.375	20.375	
20.875	20.438	20.375	20.375	
20.875	20.438	20.375	20.375	
20.938	20.438	20.375	20.500	
20.875	20.438	20.563	20.313	
20.938	20.438	20.563	20.313	
20.875	20.500	20.375	20.375	
20.938	20.438	20.375	20.375	
20.875	20.438	20.375	20.375	
21.000	20.438	20.375	20.375	
20.875	20.438	20.375	20.375	
20.875	20.438	20.500	20.375	
20.875	20.438	20.375	20.313	
20.875	20.625	20.438	20.438	
20.938	20.563	20.375	20.313	
20.938	20.563	20.375	20.313	
20.938	20.500	20.375	20.500	
20.938	20.500	20.375	20.500	
21.000	20.438	20.500	20.313	
21.000	20.625	20.500	20.375	
20.938	20.438	20.375	20.313	
20.938	20.500	20.375	20.375	
20.875	20.438	20.375	20.375	
21.000	20.438	20.375	20.375	
20.875	20.438	20.375	20.375	
20.938	20.438	20.500	20.375	
20.875	20.438	20.375	20.375	
20.938	20.438	20.438	20.375	
20.875	20.438	20.375	20.375	
20.938	20.500	20.375	20.500	
20.875	20.438	20.375	20.438	
20.875	20.438	20.375	20.438	
20.875	20.438	20.500	20.375	
20.875	20.438	20.500	20.438	
20.938	20.438	20.375	20.375	
20.938	20.438	20.375	20.375	
20.875	20.438	20.375	20.375	
20.875	20.563	20.375	20.375	
20.875	20.563	20.375	20.313	
20.875	20.563	20.500	20.375	
20.875	20.438	20.375	20.375	
20.875	20.438	20.438	20.375	
20.875	20.438	20.375	20.375	
20.875	20.625	20.375	20.500	
20.875	20.500	20.375	20.375	
20.875	20.563	20.438	20.375	
20.875	20.438	20.500	20.500	
20.875	20.438	20.500	20.500	
20.875	20.438	20.375	20.375	
20.875	20.438	20.375	20.313	
20.875	20.438	20.375	20.375	
20.875	20.438	20.375	20.375	
20.875	20.438	20.375	20.375	
20.875	20.438	20.500	20.375	
20.875	20.438	20.375	20.375	
20.938	20.438	20.375	20.375	
20.875	20.438	20.375	20.375	
20.875	20.438	20.375	20.438	
20.875	20.438	20.375	20.375	
20.875	20.438	20.438	20.375	
20.875	20.500	20.563	20.438	
20.875	20.563	20.563	20.438	
20.875	20.563	20.375	20.375	
20.938	20.563	20.375	20.438	
20.875	20.500	20.375	20.375	
20.938	20.500	20.375	20.375	
20.875	20.438	20.375	20.313	
20.938	20.625	20.563	20.313	
20.875	20.438	20.375	20.313	
21.000	20.563	20.375	20.313	
20.875	20.438	20.375	20.375	
20.875	20.438	20.375	20.375	
20.875	20.438	20.438	20.375	
20.875	20.438	20.375	20.500	
20.938	20.438	20.563	20.438	
20.938	20.438	20.563	20.438	
20.938	20.438	20.375	20.375	
20.938	20.438	20.375	20.438	
21.000	20.438	20.375	20.375	
21.000	20.438	20.375	20.375	
20.938	20.438	20.375	20.375	
20.938	20.438	20.563	20.375	
21.000	20.438	20.375	20.375	
21.000	20.500	20.375	20.375	
20.875	20.438	20.375	20.375	
21.000	20.563	20.375	20.375	
20.875	20.563	20.375	20.375	
20.938	20.563	20.500	20.438	
20.875	20.500	20.500	20.375	
20.875	20.500	20.500	20.375	
20.875	20.438	20.375	20.438	
20.875	20.625	20.375	20.438	
20.875	20.438	20.375	20.375	
20.875	20.563	20.375	20.375	
20.875	20.438	20.438	20.375	
20.875	20.438	20.438	20.375	
20.875	20.438	20.375	20.375	
20.875	20.438	20.375	20.375	
20.875	20.500	20.375	20.375	
20.875	20.438	20.375	20.375	
20.875	20.438	20.375	20.313	
20.875	20.438	20.500	20.375	
20.875	20.438	20.500	20.375	
20.875	20.438	20.500	20.500	
20.875	20.438	20.375	20.438	
20.875	20.438	20.375	20.438	
20.875	20.438	20.375	20.375	
20.875	20.438	20.375	20.500	
20.875	20.438	20.438	20.313	
20.875	20.563	20.438	20.375	
20.875	20.563	20.375	20.375	
20.875	20.563	20.375	20.375	
20.938	20.500	20.438	20.375	
20.875	20.500	20.375	20.375	
20.875	20.438	20.375	20.375	
20.875	20.563	20.438	20.375	
20.875	20.438	20.563	20.375	
20.875	20.563	20.563	20.500	
20.875	20.438	20.375	20.375	
20.875	20.438	20.375	20.375	
20.875	20.438	20.375	20.500	
20.875	20.438	20.375	20.500	
20.875	20.438	20.438	20.375	
20.875	20.438	20.438	20.375	
20.875	20.438	20.375	20.375	
20.938	20.438	20.313	20.375	
20.875	20.438	20.375	20.375	
20.938	20.438	20.375	20.375	
20.875	20.438	20.375	20.375	
21.000	20.438	20.500	20.375	
20.875	20.438	20.375	20.375	
20.938	20.438	20.500	20.375	
20.875	20.438	20.375	20.375	
20.875	20.563	20.375	20.375	
20.875	20.625	20.375	20.500	
20.875	20.625	20.375	20.500	
20.938	20.500	20.500	20.313	
20.938	20.500	20.500	20.375	
21.000	20.438	20.375	20.313	
21.000	20.563	20.375	20.375	
21.000	20.438	20.375	20.375	
21.000	20.563	20.375	20.375	
21.000	20.438	20.375	20.375	
21.000	20.438	20.438	20.313	
20.875	20.438	20.375	20.313	
21.000	20.438	20.563	20.375	
20.875	20.438	20.375	20.313	
20.938	20.438	20.375	20.500	
20.875	20.438	20.375	20.375	
20.938	20.438	20.375	20.375	
20.875	20.438	20.438	20.375	
20.875	20.438	20.438	20.500	
20.875	20.438	20.375	20.375	
20.875	20.500	20.438	20.375	
20.875	20.438	20.375	20.375	
20.875	20.438	20.375	20.375	
20.875	20.438	20.375	20.313	
20.875	20.500	20.438	20.375	
20.875	20.563	20.375	20.375	
20.875	20.563	20.500	20.313	
20.875	20.500	20.375	20.313	
20.875	20.500	20.375	20.438	
20.875	20.438	20.375	20.375	
20.875	20.625	20.375	20.375	
20.875	20.438	20.438	20.438	
20.875	20.500	20.438	20.438	
20.875	20.438	20.375	20.375	
20.875	20.438	20.375	20.375	
20.875	20.438	20.375	20.313	
20.875	20.438	20.375	20.375	
20.875	20.438	20.375	20.375	
20.875	20.438	20.500	20.375	
20.875	20.438	20.375	20.375	
20.875	20.438	20.500	20.375	
20.875	20.438	20.375	20.375	
20.875	20.500	20.375	20.375	
20.875	20.438	20.375	20.375	
20.875	20.438	20.375	20.438	
20.875	20.438	20.438	20.500	
20.875	20.438	20.438	20.500	
20.875	20.438	20.375	20.375	
20.875	20.563	20.375	20.438	
20.875	20.563	20.375	20.375	
20.875	20.563	20.375	20.313	
20.875	20.500	20.375	20.375	
20.875	20.500	20.563	20.375	
20.875	20.438	20.375	20.313	
20.938	20.563	20.500	20.313	
